return model =
  name: 'Ball'
  level: 1
  model: 6
  size: 2
  zoom: 0.5
  specs:
    shield:
      capacity: [1e+21,1e+21]
      reload: [1e+21,1e+21]
    generator:
      capacity: [40,60]
      reload: [10,15]
    ship:
      mass: 60
      speed: [1,1]
      rotation: [99999,99999]
      acceleration: [1,1]
  tori: spheremain:
    segments: 30
    radius: 0
    section_segments: 100
    offset:
      x: 0
      y: 5
      z: 1
    position:
      x: [0,0,0,0,0,0,0,0,0,0,0,0,0,0,0,0,0,0,0,0,0,0,0,0,0,0,0,0,0,0,0]
      y: [0,0,0,0,0,0,0,0,0,0,0,0,0,0,0,0,0,0,0,0,0,0,0,0,0,0,0,0,0,0,0]
      z: [0,0,0,0,0,0,0,0,0,0,0,0,0,0,0,0,0,0,0,0,0,0,0,0,0,0,0,0,0,0,0]
    width: [70,70,70,70,70,70,70,70,70,70,70,70,70,70,70,70,70,70,70,70,70,70,70,70,70,70,70,70,70,70,70]
    height: [70,70,70,70,70,70,70,70,70,70,70,70,70,70,70,70,70,70,70,70,70,70,70,70,70,70,70,70,70,70,70]
    texture: [ 5 ]
